resources/img/background.png
16 16
4
0 0 0 0
1 0 1 0
2 1 0 0
3 1 1 0
50 38
00000000000000000000000002222222222222222222222222
00000000000000000000000002222222222222222222222222
00000000000000000000000002222222222222222222222222
11111111111111111111111112222222222222222222222222
00000000000000000000000002222222222222222222222222
00000000000000000000000002222222222222222222222222
00000000000000000000000002222222222222222222222222
00000000000000000000000002222222222222222222222222
00000000000000000000000002222222222222222222222222
00000000000000000000000002222222222222222222222222
00000000000000000000000002222222222222222222222222
00000000000000000000000002222222222222222222222222
00000000000000000000000002222222222222222222222222
00000000000000000000000002222222222222222222222222
00000000000000000000000002222222222222222222222222
00000000000000000000000002222222222222222222222222
00000000000000000000000002222222222222222222222222
00000000000000000000000002222222222222222222222222
00000000000000000000000002222222222222222222222222
33333333333333333333333330000000000000000000000000
33333333333333333333333330000000000000000000000000
33333333333333333333333330000000000000000000000000
33333333333333333333333330000000000000000000000000
33333333333333333333333330000000000000000000000000
33333333333333333333333330000000000000000000000000
33333333333333333333333330000000000000000000000000
33333333333333333333333330000000000000000000000000
33333333333333333333333330000000000000000000000000
33333333333333333333333330000000000000000000000000
33333333333333333333333330000000000000000000000000
33333333333333333333333330000000000000000000000000
33333333333333333333333330000000000000000000000000
33333333333333333333333330000000000000000000000000
33333333333333333333333330000000000000000000000000
33333333333333333333333330000000000000000000000000
33333333333333333333333330000000000000000000000000
33333333333333333333333330000000000000000000000000
33333333333333333333333330000000000000000000000000
