resources/img/background.png
1
8 8
16
0 0 0 0
1 0 1 0
2 1 0 0
3 1 1 0
4 2 0 f
5 2 1 f
6 3 0 f
7 3 1 f
8 0 2 0
9 0 3 0
a 1 2 0
b 1 3 0
c 2 2 0
d 2 3 0
e 3 2 0
f 3 3 0
100 38
                                                                                                    
                                                                                                    
                                                                                                    
                                                                                                    
                                                                                                    
                                                                                                    
                                                                                                    
                                                                                                    
                                                                                                    
                                                                                                    
                                                                                                    
                                                                                                    
                                                                                                    
                                                                                                    
                                                                                                    
                                                                                                    
                                                                                                    
                                                                                                    
                                                                                                    
                                                                                                    
                                                                                                    
                                                                                                    
                                                                                                    
0202020202020202020202020202020202020202020202020202020202020202020202020202020202020202020202020202
1313131313131313131313131313131313131313131313131313131313131313131313131313131313131313131313131313
0202020202020202020202020202020202020202020202020202020202020202020202020202020202020202020202020202
1313131313131313131313131313131313131313131313131313131313131313131313131313131313131313131313131313
0202020202020202020202020202020202020202020202020202020202020202020202020202020202020202020202020202
1313131313131313131313131313131313131313131313131313131313131313131313131313131313131313131313131313
0202020202020202020202020202020202020202020202020202020202020202020202020202020202020202020202020202
1313131313131313131313131313131313131313131313131313131313131313131313131313131313131313131313131313
0202020202020202020202020202020202020202020202020202020202020202020202020202020202020202020202020202
1313131313131313131313131313131313131313131313131313131313131313131313131313131313131313131313131313
0202020202020202020202020202020202020202020202020202020202020202020202020202020202020202020202020202
1313131313131313131313131313131313131313131313131313131313131313131313131313131313131313131313131313
0202020202020202020202020202020202020202020202020202020202020202020202020202020202020202020202020202
1313131313131313131313131313131313131313131313131313131313131313131313131313131313131313131313131313
0202020202020202020202020202020202020202020202020202020202020202020202020202020202020202020202020202
1313131313131313131313131313131313131313131313131313131313131313131313131313131313131313131313131313
