resources/img/background.png
0
8 8
16
0 0 0 0
1 0 1 0
2 1 0 0
3 1 1 0
4 2 0 f
5 2 1 f
6 3 0 f
7 3 1 f
8 0 2 0
9 0 3 0
a 1 2 0
b 1 3 0
c 2 2 0
d 2 3 10 0 32
e 3 2 0
f 3 3 0
100 76
                                                                                                    
                                                                                                    
                                                                                                    
                                                                                                    
                                                                                                    
                                                                                                    
                                                                                                    
                                                                                                    
                                                                                                    
                                                                                                    
                                                                                                    
                                                                                                    
                                                                                                    
                                                                                                    
                                                                                                    
                                                                                                    
                                                                                                    
                                                                                                    
                                                                                                    
                                                                                                    
                                                                                                    
                                                                                                    
                                                                                                    
                                                                                                    
                                                                                                    
                                                                                                    
                                                                                                    
                                                                                                    
                                                                                                    
                                                                                                    
                                                                                                    
                                                                                                    
                                                                                                    
                                                                                                    
                                                                                                    
                                                                                                    
                                                                                                    
                                                                                                    
                                                                                                    
                                                                                                    
                                                                                                    
                                                                                                    
                                                                                                    
                                                                                                    
                                                                                                    
                                                                                                    
                                                                                                    
                                                                                                    
                                                46          46                                      
                                                57          57                                      
                                                46          46                                      
                                                57          57                                      
                                                46          46                                      
                                                57          57                                      
                                                            46                                      
                                                            57                                      
                                                            46                                      
                                                            57                                      
                                                46          46                                      
                                                57          57                                      
                                                46          46                                      
                                        46      57          57                                      
46                                      57      46                                                46
57                                              57                                                57
46                                              46                                                46
57                                              57                                                57
46                                      46      46                 d4646                          46
57                                      57      57                d 5757                          57
46                    464646      46  46  46                     d                                46
57                    575757      57  57  57                    d                                 57
46                              46  46    4646                 d                                  46
57                              57  57    5757                d                                   57
4646464646464646464646464646464646464646464646464646464646464646464646464646464646464646464646464646
5757575757575757575757575757575757575757575757575757575757575757575757575757575757575757575757575757
                                                                                                    
                                                                                                    
